0
0
0
0
0
0
0
0
0
0
0
0
0
0
0
0
0
0
0
0
0
0
0
0
0
0
0
0
0
0
0
0
0
0
0
0
0
0
0
0
0
0
0
1
0
0
0
0
2
1
3
1
0
1
3
1
5
4
8
9
9
17
26
17
15
33
32
26
50
40
47
77
89
91
121
128
156
161
165
203
233
238
267
277
279
304
301
309
400
411
386
368
385
356
410
371
391
364
366
341
367
356
327
321
287
290
289
257
267
224
237
226
238
219
194
210
183
174
180
162
145
147
166
157
137
142
129
110
111
129
115
110
96
81
82
81
89
73
88
76
77
83
67
87
58
55
58
66
69
67
50
61
65
64
50
67
60
48
41
54
61
58
45
60
59
55
46
43
53
49
44
58
56
44
45
48
56
40
52
52
43
44
54
44
55
39
41
45
48
46
46
46
55
46
48
65
59
61
64
65
74
74
92
76
89
87
100
104
105
103
121
111
115
113
158
163
164
176
182
263
331
411
579
779
1605
2208
6733
6058
14434
6033
3177
2768
2833
4218
396
167
98
57
42
51
34
33
32
16
15
15
15
12
14
1
6
5
3
4
4
23
