0.0
0.0
0.0
0.0
0.0
0.0
0.0
0.0
0.0
0.0
0.0
0.0
0.0
0.0
0.0
0.0
0.0
0.0
0.0
0.0
0.0
0.0
0.0
0.0
0.0
0.0
0.0
0.0
0.0
0.0
0.0
0.0
0.0
0.0
0.0
0.0
0.0
0.0
0.0
0.0
0.0
0.0
0.0
0.0
0.3234232709706675
0.3234232709706675
0.3234232709706675
0.3234232709706675
0.3234232709706675
0.9290804027936501
1.2279426732611272
2.1126090848544097
2.4035309442960138
2.4035309442960138
2.6864686576957717
3.523635695810572
3.79881894877435
5.155671570717902
6.226131011293977
8.337285748007048
10.679287142126674
12.988272915198076
17.288443983486303
23.77416369676972
27.955136663844772
31.59083637174312
39.475175965822174
47.01274668502702
53.04870396263891
64.49111852797917
73.51555626538618
83.96685130516106
100.85157541507716
120.10712563018461
139.53291308586375
165.02687882976994
191.65569436987195
223.71206381875265
256.40161994455246
289.5030918563098
329.76117334771067
375.47982384570423
421.703205575282
473.0493401792091
525.8197229018679
578.4767829721857
635.335813796472
691.1401656096864
747.9243903098296
820.8906812223012
895.4241986868421
964.9947983152665
1030.866922178893
1099.3054919475533
1162.1362736578876
1234.0050568153229
1298.6077157413986
1366.219519226724
1428.714903357575
1491.0782696142037
1548.7171114152516
1610.2518538315478
1669.4737208035679
1723.4042508416442
1775.8550239802103
1822.279440065753
1868.6877968700142
1914.4380679992719
1954.655452812793
1995.9355910297104
2030.1252089844877
2065.810596025261
2099.3751031010793
2134.233127191724
2165.8542947580095
2193.439171668871
2222.8319590652277
2248.0328991603214
2271.5841981769277
2295.521773694748
2316.676920094723
2335.24988106333
2353.705719124126
2374.1356284526446
2393.0735438516667
2409.2525099862874
2425.657039618274
2440.225581082398
2452.3536198447246
2464.289056992661
2477.81541054539
2489.568295536998
2500.5123221007116
2509.798582643816
2517.4038490897615
2524.867113966095
2532.0066464707047
2539.597798420706
2545.6148878058793
2552.6161206885236
2558.44580800368
2564.1303601361788
2570.0208887818444
2574.582913547145
2580.2576801618015
2583.873523595816
2587.138547292274
2590.409221211792
2593.9374076674058
2597.4263299748363
2600.620892605523
2602.857954468211
2605.407093226079
2607.935065526758
2610.239770096753
2611.894121656238
2613.9161755421737
2615.5549674571666
2616.7256308405663
2617.603259434886
2618.59953609512
2619.549346355132
2620.2867288237844
2620.728017945386
2621.1428776103603
2621.3836710500855
2621.4517566233917
2621.3760367998448
2621.1796163880585
2620.7844887808074
2620.2792282919236
2619.6986543061626
2618.7686812595875
2617.7149759649037
2616.7625398122054
2615.6594566927733
2614.346439161912
2612.658566631043
2611.340490987187
2609.480397789156
2607.476922445369
2605.700330561551
2603.75859608172
2601.2268099249686
2599.0430955548927
2596.163316247146
2594.014287853436
2591.6402235081164
2588.9102430790663
2585.8678082044107
2582.8278281652483
2579.663559565943
2576.3754912298295
2572.2992623109785
2568.7694284779654
2564.9590352128976
2559.6344488722752
2554.6561561002277
2549.3584765023793
2543.644864812218
2537.686526330505
2530.731479985219
2523.6096315983996
2514.5590602012353
2506.9223416213
2497.7917236806243
2488.689916668322
2478.0335434942226
2466.7608599740224
2455.1928230075364
2443.6628787323043
2429.9176428799165
2417.1317971607104
2403.700086836422
2390.3234070490453
2371.414050052613
2351.745814469027
2331.8033235966077
2310.2525499268586
2287.834349094365
2255.384048074613
2214.757861365427
2164.9030379126607
2096.2196802604294
2007.1876532655147
1837.4069990071048
1631.7038758841095
1157.7921667305768
858.6189176769625
398.2163616631833
264.93337823164353
201.7273715550535
148.8255312777284
96.28390380163466
21.719189103089082
14.85668080162242
11.839884646375047
9.983679790318465
8.848636994178788
7.96809208278345
6.844359549525378
6.058310365165029
5.2582275031801275
4.446255700358594
4.021431260352261
3.604459917835683
3.168504268571061
2.7133765440625393
2.333675363054218
1.872377645850175
1.838050480031778
1.623401002202418
1.4373036887128325
1.3212190242466653
1.1604566927440956
0.9936664700773181
