33
16
16
13
22
26
38
46
54
80
108
123
153
180
235
271
333
416
469
556
594
622
684
675
686
721
693
671
598
566
574
493
469
437
404
398
413
398
324
329
350
329
335
325
331
338
348
354
351
334
325
356
361
327
339
329
353
366
412
405
457
510
557
620
618
613
695
680
657
587
539
533
520
476
486
494
435
462
469
457
497
482
472
485
447
479
494
486
557
560
611
647
683
698
773
648
665
680
668
607
551
558
544
520
501
504
495
488
505
495
523
501
536
568
511
542
519
483
506
532
504
499
514
583
530
561
628
630
596
647
646
656
630
662
666
654
724
623
582
527
473
424
424
407
400
340
343
320
330
322
324
286
303
283
279
285
281
291
269
224
242
190
180
183
168
173
165
162
145
169
155
158
146
181
162
172
159
182
174
187
219
204
231
225
261
260
251
230
209
202
196
206
219
189
239
228
221
234
281
250
256
270
252
233
249
250
239
154
181
164
117
115
81
70
65
61
48
40
31
29
22
27
22
20
12
8
11
8
7
1
1
4
2
1
1
0
0
0
0
0
0
0
0
0
0
0
0
0
0
0
0
0
0
0
0
0
