0.0
3.867805105614119
5.7063455241491265
7.5079606986722744
8.941902919782091
11.318675657249265
14.06974061717236
18.007773714806007
22.676984246992706
28.045385317379427
35.836698872077655
46.146068087182634
57.6570666955746
71.69880341604107
87.90648806710139
108.68350526947326
132.2310720077818
160.6964018641904
195.7373431408845
234.7253234112813
280.41417808793767
328.7350975528227
378.8614815669426
433.5298765537127
487.06851686148116
541.0643962158894
597.4161894192652
651.2033757122487
702.8842018872781
748.5261628067224
791.2669385802964
834.1318467468087
870.4958748017835
904.6046569892308
935.906667198296
964.3718690341748
991.9305449122114
1020.0296864288523
1046.6279326068309
1067.8571654088553
1088.9581724156653
1110.9312000169477
1131.139421931582
1151.2559662792519
1170.3241253819715
1189.286767160923
1208.1882973041381
1227.1800747076968
1246.028824215543
1264.2527813389388
1281.1443393310415
1297.1339343710229
1314.1684297812226
1330.9700995148273
1345.7514661392202
1360.6134151175386
1374.5899180665322
1389.112363345891
1403.694188302713
1419.601086617386
1434.7566485617535
1451.3383523182458
1469.32231146506
1488.4556704590645
1509.2612851756305
1529.548904865453
1549.2186449585395
1571.0611325903926
1592.0307843377796
1611.874721212835
1629.172719368224
1644.591236506982
1659.3472749233247
1673.2538402612035
1685.5064991193515
1697.511686013358
1709.2107751952801
1719.0454011351603
1728.9785358823026
1738.5595276574218
1747.403190956977
1756.5004806196494
1764.831284946146
1772.494997309388
1779.8634745280701
1786.1761458361627
1792.424984452736
1798.3622364683395
1803.7078766440331
1809.3037056118146
1814.439745585502
1819.5436331115823
1824.478058884181
1829.242349525432
1833.694291641295
1838.2364893664299
1841.685225038454
1844.7809317205472
1847.516917984387
1849.7859644653613
1851.4213774463285
1852.450864874328
1853.0039219709474
1853.062255196575
1852.63754492345
1851.742502259499
1850.3448105522268
1848.480597210028
1846.149869090568
1843.2334962172827
1839.884327781559
1835.8378966724713
1831.4787702279466
1826.3064448948053
1820.328676659261
1814.4905505446904
1807.7951280010316
1800.9072311970103
1794.0223008323799
1786.30507584882
1777.6906028527185
1769.0546181212517
1760.016069519167
1750.2092386231413
1738.57931724448
1727.5570965498891
1715.4016811478534
1701.3210064665745
1686.7744888929917
1672.5964149103797
1656.770664589843
1640.580044462864
1623.7580405796566
1607.2327713121688
1589.4937269158233
1571.3123380930037
1553.1359589564968
1532.7298835082147
1514.9182395602281
1497.9464635550405
1482.2186756073975
1467.7143056573138
1454.3064244054358
1440.4656059854983
1426.7569549695268
1412.8570034676904
1400.64585486865
1387.8977946021876
1375.5945295697725
1362.4774390662453
1349.2607927250274
1335.5392089027237
1323.0369591709518
1309.3677256719407
1296.2032946768775
1282.8214916341233
1268.740421958202
1254.452010012498
1239.2386820747092
1224.7848518445944
1212.3966255583318
1198.6196904613394
1187.481877513743
1176.6047327145343
1165.2117793760442
1154.4407852953275
1143.0237139365793
1131.8221011997603
1120.5129990981402
1110.105938793571
1097.6454003234428
1085.9153111658702
1073.646406729015
1062.017928429549
1047.2467241593993
1033.7118823467458
1019.0041766972712
1005.0944445276573
988.815701742015
972.9148979513371
955.4638882186647
934.618530106256
914.8259707285739
891.9930812849558
869.3508873571939
842.6321019546128
815.5790365048656
789.0359595078581
764.3099953083164
741.458465570327
718.9910193104297
696.8155398100496
673.1146979965002
647.5075188804288
625.0472430199828
596.1963447205829
568.2605578316077
540.7744806489035
511.2414220579441
475.29006967210705
442.87920417497617
409.2425803499594
373.3039878629475
339.3279677141156
307.4968511052473
273.03332741781634
237.992201376872
204.0703750210481
181.9119308220757
155.49392814465688
131.2223349781178
113.6523594664576
96.1205798412501
83.58075089184574
72.57052185342788
62.18277591001911
52.278710877340075
44.36052379142112
37.65534699769017
32.37426891182423
27.35345444396718
23.482606108482667
18.655448425052423
14.659612601953688
10.969499956562341
8.720365770895942
7.1970472006121735
5.0694111736223375
3.49791791453517
2.101609935027173
1.8990484362829743
1.6933254129856061
0.8578024227145983
0.433711553699599
0.2184675154241081
0.0
0.0
0.0
0.0
0.0
0.0
0.0
0.0
0.0
0.0
0.0
0.0
0.0
0.0
0.0
0.0
0.0
0.0
0.0
0.0
0.0
